eval_loss = 0.01300934236496687
eval_precision = 0.8181818181818182
eval_recall = 0.9090909090909091
eval_f1 = 0.861244019138756
eval_runtime = 11.1192
eval_samples_per_second = 45.687
eval_steps_per_second = 5.756
