eval_loss = 0.07180073112249374
eval_accuracy_score = 0.9854494989485155
eval_precision = 0.8355850698419968
eval_recall = 0.8593970796043335
eval_f1 = 0.8473238128410542
epoch = 5.0
total_flos = 10897312370688000
