eval_loss = 0.034396443516016006
eval_accuracy_score = 0.9914598998160103
eval_precision = 0.8451566438602809
eval_recall = 0.9182316118935837
eval_f1 = 0.880180011250703
