eval_loss = 0.07516373693943024
eval_accuracy_score = 0.9837680793279858
eval_precision = 0.5296208530805687
eval_recall = 0.5444579780755177
eval_f1 = 0.536936936936937
