eval_loss = 0.021491719409823418
eval_accuracy_score = 0.9956281638288081
eval_precision = 0.8187919463087249
eval_recall = 0.8905109489051095
eval_f1 = 0.8531468531468532
