eval_loss = 0.03080151602625847
eval_accuracy_score = 0.9933085501858736
eval_precision = 0.8670212765957447
eval_recall = 0.933206106870229
eval_f1 = 0.8988970588235293
