eval_loss = 0.1513003259897232
eval_accuracy_score = 0.9695282368266456
eval_precision = 0.7033195020746889
eval_recall = 0.6387187941592086
eval_f1 = 0.6694643297951124
