eval_loss = 0.19145385921001434
eval_accuracy_score = 0.9705035671075138
eval_precision = 0.7293956043956044
eval_recall = 0.6747141041931385
eval_f1 = 0.700990099009901
