eval_loss = 0.05687977373600006
eval_accuracy_score = 0.988401685510451
eval_precision = 0.8483009708737864
eval_recall = 0.8881829733163914
eval_f1 = 0.8677839851024209
